$GPGSA,A,3,13,29,15,24,,,,,,,,,2.58,2.39,0.95*02
$GPGSV,3,1,09,15,50,052,23,29,40,172,20,10,34,274,,193,31,060,31*46
$GPGSV,3,2,09,24,20,124,28,13,17,041,23,27,10,322,,32,10,209,*74
$GPGSV,3,3,09,26,06,260,*46
$GPRMC,104225.000,A,2836.6405,N,07705.0631,E,0.80,107.92,090819,,,A*6B
$GPVTG,107.92,T,,M,0.80,N,1.48,K,A*35
$GPGGA,104226.000,2836.6405,N,07705.0622,E,1,4,2.40,187.3,M,-36.1,M,,*72
$GPGLL,2836.6405,N,07705.0622,E,104226.000,A,A*51
$GPGSA,A,3,13,29,15,24,,,,,,,,,2.58,2.40,0.95*0C
$GPGSV,3,1,09,15,50,052,24,29,40,172,20,10,34,274,,193,31,060,31*41
$GPGSV,3,2,09,24,20,124,28,13,17,041,23,27,10,322,,32,10,209,*74
$GPGSV,3,3,09,26,06,260,*46
$GPRMC,104226.000,A,2836.6405,N,07705.0622,E,0.62,288.23,090819,,,A*68
$GPVTG,288.23,T,,M,0.62,N,1.15,K,A*3F
